0 0 0 0
0 0 0 0

0 -1 -1 -1
0 0 0 0

0 -1 -1 -1
0 0 0 0

291.353 -38.6448 -38.0707 28.8784
0.836982 -0.379655 -0.220063 0.326949

2.25509 2.04452 -0.397223 1.29101
-0.999772 -0.0178006 0.00366664 -0.0112023

139.091 -85.6975 57.216 -179.172
0.320968 0.355346 0.59449 0.64598

84.4647 19.5278 55.4955 45.1981
0.774876 0.314884 0.36593 0.408058

244.702 -122.265 62.0962 -144.727
0.305121 0.464615 0.639568 0.531024

237.693 -105.756 60.4935 -160.859
0.309376 0.414295 0.628673 0.580876

184.526 -82.5067 54.7147 177.536
0.317303 0.332809 0.592936 0.661048

176.576 -85.231 56.0382 179.928
0.318476 0.345331 0.597934 0.649458

0 0 0 0
0 0 0 0

221.878 -94.8323 58.3015 -171.255
0.312552 0.377678 0.616029 0.616587

221.86 -94.8838 58.3047 -171.257
0.312752 0.377542 0.616301 0.616297

216.521 -98.9853 59.7767 -167.048
0.31282 0.396303 0.618204 0.602421

232.518 -88.0934 55.7217 -177.681
0.311978 0.348273 0.607731 0.641902

232.555 -88.087 55.743 -177.656
0.311939 0.348535 0.607559 0.641942

0 0 0 0
0 0 0 0

0 0 0 0
0 0 0 0

336.53 -114.024 21.0289 -119.057
-0.139541 0.503846 0.660412 0.539002

327.787 -116.085 20.9452 -117.258
-0.139187 0.516942 0.662321 0.524146

327.859 -116.164 20.9489 -117.194
-0.139187 0.516942 0.662321 0.524146

299.706 -109.702 21.1543 -120.708
-0.149485 0.489417 0.64628 0.566081

78.3786 18.2413 32.7245 20.3869
0.924513 0.198918 0.246841 0.211608

182.172 6.06661 22.8457 52.3158
0.873951 0.133742 0.154649 0.440916

208.282 -52.4253 -24.5346 -120.611
0.51581 -0.0482241 -0.469367 -0.715059

177.938 53.5307 2.98201 54.4104
0.78846 0.411005 -0.185153 0.418479

287.993 53.5806 60.8018 82.1586
-0.430493 -0.589876 -0.085062 -0.677854

0.119182 -0.0600873 -0.000354239 -0.0157934
1 -0.00052436 -3.16359e-006 -0.000137821

0 -1 -1 -1
0 0 0 0

18.5831 -6.47606 -3.41784 8.54107
0.995063 -0.0585195 -0.0254873 0.0759938

0 0 0 0
0 0 0 0

0.0730033 0.0661047 0.008579 -0.0537528
-1 -0.000576837 -7.51364e-005 0.000469039

0 -1 -1 -1
0 0 0 0

7.60238 -3.39223 1.45286 -3.98012
-0.998866 0.0300183 -0.0116373 0.0350831

7.6565 -3.32099 1.41424 -3.97449
-0.99889 0.0293852 -0.0113239 0.0350172

